224447
224438
224403
224389
224380
224367
224336
224335
224314
224313
224312
224311
224310
224309
224305
224304
224303
224301
224287
224281
224240
224233
224196
224188
224186
224184
224183
224181
224178
224177
224176
224172
224171
224170
224169
224168
224167
224166
224164
224159
224158
224157
224156
224153
224152
224151
224147
224138
224135
224131
224130
224129
224128
224119
224118
224117
224116
224115
224114
224108
224104
224100
224097
224095
224094
224090
224087
224085
224070
224055
224054
224053
224049
224047
224030
224023
224019
224018
224000
223989
223984
223971
223953
223952
223939
223931
223906
223898
223891
223883
223877
223874
223869
223868
223867
223841
223812
223802
223801
223800
223799
223798
223797
223783
223782
223779
223778
223774
223773
223768
223767
223702
223701
223700
223699
223694
223667
223663
223662
223660
223659
223657
223656
223654
223653
223649
223640
223586
223585
223582
223576
223571
223570
223569
223568
223567
223566
223557
223514
223504
223487
223483
223476
223469
223464
223463
223462
223461
223460
223458
223456
223455
223454
223453
223452
223446
223445
223444
223442
223441
223440
223439
223438
223434
223433
223432
223431
223430
223429
223423
223421
223420
223417
223415
223413
223411
223409
223408
223407
223402
223399
223398
223397
223396
223392
223391
223390
223389
223388
223385
223384
223361
223352
223336
223335
223325
223322
223314
223312
223310
223303
223296
223292
223291
223290
223289
223288
223242
223239
223221
223215
223212
223203
223201
223195
223194
223189
223185
223178
223167
223158
223157
223156
223155
223154
223153
223152
223145
223142
223095
223065
223058
223050
223049
223038
223035
223031
223025
223023
223020
222975
222969
222959
222957
222956
222945
222944
222938
222930
222919
222918
222904
222895
222865
222864
222851
222825
222791
222786
222770
222767
222756
222734
222732
222731
222730
222709
222708
222671
222650
222644
222613
222598
222578
222541
222534
222529
222520
222515
222453
222452
222451
222450
222449
222447
222444
222430
222429
222388
222387
222386
222385
222384
222383
222380
222366
222365
222344
222336
222335
222333
222323
222322
222321
222304
222264
222263
222261
222258
222254
222248
222245
222227
222223
222203
222178
222177
222166
222159
222153
222152
222145
222144
222140
222139
222138
222137
222136
222130
222129
222128
222127
222125
222124
222122
222121
222091
222090
222088
222081
222080
222079
222076
222075
222071
222065
222061
222060
222059
222045
222032
222030
222029
222027
222026
222025
222024
222023
222022
222013
222012
222002
221995
221994
221993
221991
221983
221982
221981
221960
221946
221934
221921
221920
221919
221918
221912
221911
221909
221902
221884
221865
221863
221862
221854
221852
221851
221820
221801
221800
221739
221738
221716
221715
221709
221699
221586
221543
221542
221537
221533
221532
221531
221530
221529
221528
221526
221513
221510
221509
221507
221506
221504
221503
221502
221451
221446
221445
221424
221422
221421
221420
221419
221418
221417
221416
221413
221405
221402
221401
221386
221380
221376
221374
221360
221359
221358
221354
221352
221312
221303
221257
221241
221224
221163
221158
221156
221155
221154
221151
221134
221071
221051
221050
221049
221039
221038
221035
221034
221007
220991
220988
220987
220985
220984
220969
220952
220938
220929
220912
220900
220838
220837
220775
220774
220731
220716
220685
220647
220499
220498
220486
220484
220477
220403
220368
220361
220233
220226
219925
219921
219890
219883
219772
219761
219716
219715
219687
219686
219671

https://maxusvanparts.acstestweb.co.uk/wp-admin/post.php?post=220987&action=edit
